0,1.934
0.01,-12.112
0.02,13.491
0.03,-11.97
0.04,-0.863
0.05,1.858
0.06,0.997
0.07,-4.728
0.08,3.004
0.09,1.624
0.1,0.387
0.11,-3.162
0.12,2.539
0.13,1.716
0.14,-2.075
0.15,-2.531
0.16,5.957
0.17,-4.774
0.18,-2.031
0.19,0.855
0.2,-3.391
0.21,5.53
0.22,0.124
0.23,-0.164
0.24,2.993
0.25,1.167
0.26,-0.906
0.27,1.358
0.28,2.324
0.29,-5.643
0.3,1.882
0.31,-1.691
0.32,-1.441
0.33,-4.18
0.34,-3.777
0.35,-2.986
0.36,-3.001
0.37,-6.633
0.38,-0.19
0.39,-1.333
0.4,-3.937
0.41,2.911
0.42,-1.4
0.43,-1.535
0.44,11.737
0.45,2.461
0.46,-0.732
0.47,6.933
0.48,-4.538
0.49,4.066
0.5,4.091
0.51,-0.741
0.52,1.001
0.53,6.116
0.54,-8.456
0.55,11.997
0.56,-7.79
0.57,-0.158
0.58,3.452
0.59,11.706
0.6,-9.081
0.61,19.944
0.62,-4.959
0.63,7.205
0.64,2.576
0.65,1.769
0.66,8.634
0.67,-4.048
0.68,10.723
0.69,2.662
0.7,7.401
0.71,-2.405
0.72,2.435
0.73,-6.97
0.74,1.048
0.75,-1.329
0.76,-4.759
0.77,-4.802
0.78,-5.895
0.79,-0.437
0.8,-7.825
0.81,1.734
0.82,-3.954
0.83,2.728
0.84,-1.244
0.85,2.532
0.86,5.073
0.87,2.212
0.88,3.941
0.89,0.792
0.9,2.527
0.91,-4.466
0.92,5.074
0.93,-7.8
0.94,2.196
0.95,-2.079
0.96,3.018
0.97,4.524
0.98,-1.499
0.99,17.667
1,-4.038
1.01,10.443
1.02,7.311
1.03,9.163
1.04,-1.079
1.05,12.847
1.06,1.986
1.07,8.829
1.08,1.575
1.09,0.855
1.1,4.394
1.11,7.235
1.12,-2.763
1.13,14.139
1.14,3.747
1.15,2.172
1.16,9.903
1.17,-6.361
1.18,4.956
1.19,-2.284
1.2,-5.185
1.21,-1.839
1.22,-12.948
1.23,7.33
1.24,-4.87
1.25,1.637
1.26,-8.428
1.27,4.837
1.28,-12.648
1.29,-5.077
1.3,-9.627
1.31,-2.884
1.32,-6.221
1.33,-5.944
1.34,-2.43
1.35,-6.763
1.36,-7.271
1.37,-11.832
1.38,-2.85
1.39,-5.802
1.4,2.579
1.41,-0.963
1.42,11.513
1.43,4.917
1.44,1.547
1.45,12.416
1.46,1.566
1.47,3.344
1.48,-0.008
1.49,7.577
1.5,-4.861
1.51,1.189
1.52,-1.709
1.53,4.805
1.54,-4.626
1.55,7.94
1.56,8.801
1.57,7.709
1.58,8.355
1.59,5.334
1.6,6.959
1.61,4.149
1.62,-4.358
1.63,3.877
1.64,-11.084
1.65,-12.352
1.66,-6.18
1.67,-7.284
1.68,-5.698
1.69,-9.041
1.7,-0.7
1.71,-6.045
1.72,-4.194
1.73,-11.991
1.74,1.509
1.75,-4.534
1.76,-0.077
1.77,6.11
1.78,6.686
1.79,3.576
1.8,6.721
1.81,-0.664
1.82,3.624
1.83,-14.819
1.84,9.147
1.85,-2.203
1.86,1.974
1.87,7.112
1.88,-1.42
1.89,12.774
1.9,1.393
1.91,2.978
1.92,0.907
1.93,4.52
1.94,-0.628
1.95,-0.86
1.96,-1.276
1.97,-6.128
1.98,-8.901
1.99,-2.804
2,-6.138
2.01,-4.519
2.02,1.052
2.03,-2.85
2.04,8.467
2.05,-0.164
2.06,-2.314
2.07,0.651
2.08,-9.318
2.09,-5.302
2.1,-7.814
2.11,-8.318
2.12,-5.732
2.13,-8.321
2.14,-4.449
2.15,-1.707
2.16,-5.237
2.17,6.168
2.18,-1.116
2.19,2.715
2.2,3.884
2.21,8.699
2.22,0.492
2.23,9.283
2.24,4.912
2.25,3.787
2.26,0.251
2.27,-1.461
2.28,-7.99
2.29,-1.762
2.3,-4.451
2.31,-10.593
2.32,-10.019
2.33,-14.465
2.34,-11.979
2.35,-16.339
2.36,-11.574
2.37,-9.499
2.38,4.484
2.39,0.382
2.4,11.426
2.41,17.051
2.42,15.208
2.43,19.231
2.44,15.952
2.45,14.773
2.46,14.669
2.47,12.138
2.48,15.682
2.49,6.884
2.5,8.072
2.51,3.579
2.52,-0.298
2.53,-5.074
2.54,-1.777
2.55,-0.627
2.56,-4.267
2.57,7.866
2.58,-5.001
2.59,7.18
2.6,-8.802
2.61,-0.297
2.62,2.793
2.63,-2.511
2.64,16.304
2.65,4.861
2.66,18.253
2.67,7.657
2.68,8.489
2.69,1.221
2.7,0.644
2.71,-7.947
2.72,-12.19
2.73,-5.534
2.74,-12
2.75,-6.225
2.76,-4.361
2.77,-4.355
2.78,-1.212
2.79,-0.3
2.8,3.993
2.81,2.618
2.82,11.927
2.83,5.538
2.84,11.837
2.85,11.753
2.86,8.232
2.87,7.923
2.88,9.193
2.89,4.074
2.9,15.923
2.91,10.514
2.92,5.318
2.93,9.599
2.94,0.785
2.95,-2.392
2.96,0.823
2.97,-13.193
2.98,5.881
2.99,-10.017
3,-3.851
3.01,-4.022
3.02,-5.059
3.03,-6.778
3.04,0.363
3.05,-4.227
3.06,4.26
3.07,-2.039
3.08,4.01
3.09,4.647
3.1,1.119
3.11,5.096
3.12,4.638
3.13,7.244
3.14,7.962
3.15,9.254
3.16,7.634
3.17,17.099
3.18,16.036
3.19,17.096
3.2,20.984
3.21,11.824
3.22,21.728
3.23,-2.381
3.24,18.289
3.25,-1.54
3.26,-0.041
3.27,2.789
3.28,-9.927
3.29,3.334
3.3,-6.417
3.31,2.799
3.32,-3.855
3.33,8.523
3.34,2.599
3.35,9.751
3.36,6.533
3.37,10.225
3.38,4.167
3.39,1.599
3.4,-3.812
3.41,-0.167
3.42,-21.83
3.43,-0.897
3.44,-25.376
3.45,-12.926
3.46,-22.505
3.47,-8.586
3.48,-18.752
3.49,-4.465
3.5,-1.298
3.51,3.581
3.52,15.12
3.53,12.778
3.54,19.39
3.55,23.633
3.56,20.977
3.57,11.443
3.58,15.404
3.59,8.333
3.6,-5.509
3.61,-10.535
3.62,-14.025
3.63,-19.769
3.64,-35.063
3.65,-25.756
3.66,-26.096
3.67,-25.714
3.68,-19.225
3.69,-8.357
3.7,-5.966
3.71,5.802
3.72,0.423
3.73,13.145
3.74,7.54
3.75,12.452
3.76,6.41
3.77,12.705
3.78,11.37
3.79,13.366
3.8,10.547
3.81,7.708
3.82,7.261
3.83,6.09
3.84,-3.879
3.85,5.559
3.86,-2.469
3.87,-1.953
3.88,-1.89
3.89,2.878
3.9,7.217
3.91,1.54
3.92,7.375
3.93,5.908
3.94,1.361
3.95,2.318
3.96,-0.702
3.97,-3.472
3.98,-0.015
3.99,-7.137
4,-10.444
4.01,-10.795
4.02,-15.841
4.03,-8.154
4.04,-24.955
4.05,-8.208
4.06,-14.352
4.07,-12.384
4.08,-12.337
4.09,-15.248
4.1,-12.621
4.11,-8.334
4.12,-8.244
4.13,-7.079
4.14,-0.952
4.15,-2.459
4.16,-3.436
4.17,-5.195
4.18,-18.409
4.19,1.658
4.2,-25.152
4.21,-15.766
4.22,-12.695
4.23,-9.711
4.24,-2.339
4.25,-1.508
4.26,7.14
4.27,1.206
4.28,5.326
4.29,0.108
4.3,4.916
4.31,-12.692
4.32,10.172
4.33,-1.125
4.34,1.679
4.35,3.489
4.36,4.794
4.37,3.991
4.38,-3.847
4.39,-10.9
4.4,-1.11
4.41,-25.038
4.42,-12.393
4.43,-15.427
4.44,-10.546
4.45,-7.049
4.46,-3.116
4.47,-2.624
4.48,-3.297
4.49,5.651
4.5,7.831
4.51,5.009
4.52,14.846
4.53,11.193
4.54,4.805
4.55,0.312
4.56,2.147
4.57,-15.051
4.58,-15.7
4.59,-14.049
4.6,-17.009
4.61,-6.085
4.62,-12.871
4.63,-2.218
4.64,1.41
4.65,-1.318
4.66,7.324
4.67,6.624
4.68,0.213
4.69,14.936
4.7,9.373
4.71,13.685
4.72,16.697
4.73,10.949
4.74,23.218
4.75,4.86
4.76,10.656
4.77,0.58
4.78,5.291
4.79,-12.471
4.8,-6.302
4.81,-11.02
4.82,-10.761
4.83,-6.613
4.84,-11.657
4.85,11.055
4.86,-2.987
4.87,7.189
4.88,14.051
4.89,11.71
4.9,8.449
4.91,4.247
4.92,0.583
4.93,-2.463
4.94,-13.292
4.95,-12.245
4.96,-24.588
4.97,-7.824
4.98,-32.577
4.99,-18.56
5,-31.62
5.01,-29.117
5.02,-35.461
5.03,-34.062
5.04,-23.807
5.05,-23.435
5.06,-24.076
5.07,-11.093
5.08,-24.358
5.09,2.904
5.1,-1.492
5.11,-0.237
5.12,6.958
5.13,16.806
5.14,15.056
5.15,6.651
5.16,10.881
5.17,11.901
5.18,10.48
5.19,14.551
5.2,13.68
5.21,13.098
5.22,10.555
5.23,15.676
5.24,19.702
5.25,13.628
5.26,25.018
5.27,7.415
5.28,15.325
5.29,3.31
5.3,12.627
5.31,14.191
5.32,11.671
5.33,14.386
5.34,22.656
5.35,7.241
5.36,0.95
5.37,3.132
5.38,-11.236
5.39,-28.126
5.4,-20.86
5.41,-47.126
5.42,-13.889
5.43,-43.705
5.44,-28.143
5.45,-18.546
5.46,-18.807
5.47,-2.449
5.48,-10.868
5.49,7.727
5.5,2.345
5.51,21.662
5.52,2.711
5.53,30.02
5.54,17.568
5.55,27.087
5.56,29.045
5.57,20.355
5.58,26.242
5.59,20.216
5.6,18.668
5.61,14.717
5.62,18.337
5.63,7.505
5.64,6.386
5.65,15.334
5.66,5.162
5.67,2.567
5.68,10.639
5.69,-5.779
5.7,0.289
5.71,-0.493
5.72,-4.288
5.73,0.004
5.74,-12.193
5.75,11.43
5.76,-4.44
5.77,8.016
5.78,-6.237
5.79,-15.619
5.8,9.101
5.81,-23.459
5.82,-4.217
5.83,-20.433
5.84,-12.708
5.85,-11.313
5.86,-4.448
5.87,-0.508
5.88,-16.783
5.89,-9.807
5.9,-17.769
5.91,-19.784
5.92,-26.003
5.93,10.835
5.94,-15.013
5.95,1.702
5.96,16.649
5.97,23.805
5.98,19.328
5.99,24.358
6,23.86
6.01,26.241
6.02,22.537
6.03,22.161
6.04,19.301
6.05,20.565
6.06,14.803
6.07,18.329
6.08,-0.992
6.09,8.041
6.1,-19.337
6.11,-0.602
6.12,-25.647
6.13,-12.665
6.14,-13.937
6.15,14.669
6.16,-6.682
6.17,34.017
6.18,15.942
6.19,38.6
6.2,30.32
6.21,41.224
6.22,26.785
6.23,20.739
6.24,27.725
6.25,12.285
6.26,12.053
6.27,3.525
6.28,14.095
6.29,4.202
6.3,7.946
6.31,-9.351
6.32,-0.11
6.33,-21.306
6.34,-16.21
6.35,-20.843
6.36,-17.582
6.37,-18.776
6.38,-16.51
6.39,-17.163
6.4,-20.034
6.41,-17.204
6.42,-17.84
6.43,-8.721
6.44,-3.696
6.45,2.488
6.46,4.899
6.47,16.984
6.48,8.628
6.49,9.616
6.5,6.597
6.51,19.781
6.52,32.697
6.53,27.212
6.54,38.642
6.55,51.831
6.56,60.48
6.57,49.405
6.58,53.012
6.59,54.648
6.6,43.106
6.61,41.778
6.62,38.873
6.63,29.135
6.64,42.532
6.65,31.958
6.66,37.063
6.67,29.716
6.68,39.568
6.69,25.442
6.7,36.647
6.71,36.539
6.72,44.339
6.73,52.939
6.74,70.833
6.75,61.733
6.76,85.331
6.77,88.341
6.78,77.716
6.79,86.639
6.8,87.568
6.81,86.492
6.82,82.729
6.83,35.767
6.84,33.016
6.85,-38.941
6.86,-52.188
6.87,-63.357
6.88,-81.017
6.89,-83.115
6.9,-32.077
6.91,-45.684
6.92,-22.135
6.93,40.682
6.94,40.975
6.95,51.311
6.96,95.415
6.97,74.936
6.98,86.52
6.99,99.922
7,99.512
7.01,94.067
7.02,91.927
7.03,87.457
7.04,90.909
7.05,81.198
7.06,78.892
7.07,95.306
7.08,80.171
7.09,82.681
7.1,69.253
7.11,66.558
7.12,43.114
7.13,55.197
7.14,14.147
7.15,25.019
7.16,7.781
7.17,8.527
7.18,-34.008
7.19,-7.889
7.2,-42.501
7.21,-49.253
7.22,-49.142
7.23,-65.614
7.24,-28.704
7.25,-46.413
7.26,-26.713
7.27,-8.485
7.28,-0.929
7.29,9.024
7.3,14.658
7.31,-19.975
7.32,-0.916
7.33,-24.114
7.34,-42.242
7.35,-37.614
7.36,-67.353
7.37,-33.99
7.38,-12.183
7.39,-6.68
7.4,32.839
7.41,65.816
7.42,57.629
7.43,106.079
7.44,95.369
7.45,97.47
7.46,100.517
7.47,105.338
7.48,110.246
7.49,109.617
7.5,113.962
7.51,109.583
7.52,110.976
7.53,116.082
7.54,115.199
7.55,118.277
7.56,132.015
7.57,138.936
7.58,144.783
7.59,162.156
7.6,188.628
7.61,165.472
7.62,193.929
7.63,163.395
7.64,134.372
7.65,66.116
7.66,40.187
7.67,-25.437
7.68,-39.219
7.69,-52.063
7.7,-98.362
7.71,-77.734
7.72,-120.112
7.73,-112.345
7.74,-113.081
7.75,-108.665
7.76,-105.458
7.77,-95.176
7.78,-80.722
7.79,-73.473
7.8,-37.299
7.81,-37.279
7.82,-3.244
7.83,22.625
7.84,3.829
7.85,39.529
7.86,36.279
7.87,22.636
7.88,32.665
7.89,30.673
7.9,18.995
7.91,22.891
7.92,30.287
7.93,46.771
7.94,44.366
7.95,60.643
7.96,50.717
7.97,64.35
7.98,63.143
7.99,50.077
8,38.462
8.01,43.642
8.02,16.079
8.03,-0.658
8.04,-2.745
8.05,-45.473
8.06,-17.298
8.07,-61.902
8.08,-81.812
8.09,-98.265
8.1,-112.918
8.11,-140.275
8.12,-143.329
8.13,-157.626
8.14,-174.922
8.15,-171.529
8.16,-169.024
8.17,-176.288
8.18,-212.892
8.19,-157.051
8.2,-215.14
8.21,-203.732
8.22,-211.992
8.23,-210.627
8.24,-207.133
8.25,-213.324
8.26,-196.012
8.27,-188.45
8.28,-162.05
8.29,-140.288
8.3,-109.97
8.31,-97.405
8.32,-72.024
8.33,-65.183
8.34,-49.101
8.35,-47.744
8.36,-48.942
8.37,-44.451
8.38,-58.024
8.39,-70.026
8.4,-77.279
8.41,-99.664
8.42,-99.803
8.43,-129.214
8.44,-126.217
8.45,-146.648
8.46,-153.988
8.47,-154.141
8.48,-155.688
8.49,-151.972
8.5,-159.212
8.51,-153.204
8.52,-153.492
8.53,-114.239
8.54,-89.2
8.55,-31.412
8.56,53.308
8.57,35.902
8.58,81.392
8.59,72.335
8.6,124.671
8.61,118.339
8.62,139.581
8.63,173.562
8.64,174.018
8.65,224.948
8.66,206.422
8.67,263.736
8.68,263.572
8.69,264.192
8.7,306.408
8.71,271.775
8.72,330.509
8.73,283.009
8.74,308.723
8.75,277.432
8.76,256.352
8.77,212.868
8.78,161.606
8.79,66.499
8.8,-54.851
8.81,-75.172
8.82,-99.321
8.83,-146.187
8.84,-174.536
8.85,-160.076
8.86,-198.563
8.87,-186.105
8.88,-187.607
8.89,-179.148
8.9,-188.888
8.91,-181.138
8.92,-182.254
8.93,-187.834
8.94,-181.293
8.95,-202.641
8.96,-177.001
8.97,-199.256
8.98,-156.634
8.99,-132.094
9,-78.598
9.01,-52.627
9.02,8.988
9.03,-1.525
9.04,28.725
9.05,43.105
9.06,59.419
9.07,60.823
9.08,88.427
9.09,105.4
9.1,92.734
9.11,127.65
9.12,119.734
9.13,91.311
9.14,104.06
9.15,93.164
9.16,62.414
9.17,53.316
9.18,57.163
9.19,49.43
9.2,47
9.21,47.077
9.22,50.839
9.23,41.522
9.24,62.703
9.25,63.796
9.26,66.973
9.27,85.472
9.28,103.682
9.29,98.418
9.3,121.485
9.31,136.293
9.32,131.096
9.33,139.779
9.34,151.155
9.35,143.976
9.36,142.244
9.37,129.575
9.38,126.773
9.39,96.601
9.4,50.458
9.41,83.476
9.42,16.022
9.43,-2.601
9.44,-34.794
9.45,-33.03
9.46,-53.422
9.47,-76.891
9.48,-64.461
9.49,-65.954
9.5,-62.671
9.51,-75.509
9.52,-77.7
9.53,-84.59
9.54,-88.541
9.55,-98.458
9.56,-92.054
9.57,-96.425
9.58,-84.831
9.59,-77.319
9.6,-58.892
9.61,-56.444
9.62,-30.399
9.63,-24.688
9.64,-5.686
9.65,-0.693
9.66,20.428
9.67,25.042
9.68,36.394
9.69,42.297
9.7,51.589
9.71,59.024
9.72,58.906
9.73,69.635
9.74,68.433
9.75,70.115
9.76,54.053
9.77,52.063
9.78,36.288
9.79,5.945
9.8,6.92
9.81,-42.221
9.82,-16.203
9.83,-60.672
9.84,-65.133
9.85,-81.935
9.86,-83.498
9.87,-107.804
9.88,-93.033
9.89,-110.295
9.9,-115.46
9.91,-103.003
9.92,-97.411
9.93,-68.748
9.94,-65.987
9.95,-31.939
9.96,-6.319
9.97,5.775
9.98,23.977
9.99,24.268
10,24.451
10.01,15.519
10.02,12.957
10.03,-11.256
10.04,8.301
10.05,-15.733
10.06,-7.135
10.07,-11.526
10.08,-4.411
10.09,-13.154
10.1,1.089
10.11,-5.983
10.12,-4.421
10.13,-0.772
10.14,-0.508
10.15,-8.429
10.16,5.512
10.17,-0.278
10.18,-9.399
10.19,-1.707
10.2,-10.48
10.21,-19.438
10.22,-10.436
10.23,-18.566
10.24,-11.438
10.25,-15.608
10.26,-14.402
10.27,-12.142
10.28,-17.894
10.29,-20.188
10.3,-25.041
10.31,-27.006
10.32,-21.897
10.33,-15.565
10.34,-7.471
10.35,-15.762
10.36,16.004
10.37,-22.46
10.38,-7.788
10.39,-26.935
10.4,-34.269
10.41,-64.059
10.42,-49.439
10.43,-87.05
10.44,-74.028
10.45,-89.674
10.46,-83.664
10.47,-95.029
10.48,-88.829
10.49,-90.621
10.5,-83.202
10.51,-82.355
10.52,-71.791
10.53,-70.34
10.54,-65.016
10.55,-53.29
10.56,-51.732
10.57,-41.232
10.58,-29.326
10.59,-31.725
10.6,-17.072
10.61,-14.559
10.62,-0.66
10.63,4.641
10.64,5.068
10.65,24.974
10.66,27.518
10.67,42.298
10.68,49.572
10.69,50.776
10.7,75.992
10.71,78.31
10.72,88.396
10.73,94.333
10.74,106.307
10.75,84.751
10.76,103.993
10.77,75.192
10.78,66.151
10.79,44.739
10.8,39.352
10.81,13.814
10.82,3.76
10.83,-13.89
10.84,-22.146
10.85,-31.284
10.86,-44.751
10.87,-40.337
10.88,-37.917
10.89,-41.705
10.9,-34.578
10.91,-31.827
10.92,-40.507
10.93,-31.881
10.94,-37.01
10.95,-43.921
10.96,-42.85
10.97,-48.681
10.98,-51.565
10.99,-53.332
11,-53.825
11.01,-49.078
11.02,-51.031
11.03,-34.22
11.04,-27.561
11.05,-17.844
11.06,13.88
11.07,7.318
11.08,39.442
11.09,53.051
11.1,53.72
11.11,68.297
11.12,69.436
11.13,68.999
11.14,80.748
11.15,74.02
11.16,77.744
11.17,75.897
11.18,75.412
11.19,77.057
11.2,69.443
11.21,61.734
11.22,39
11.23,36.146
11.24,11.425
11.25,1.477
11.26,-21.526
11.27,-18.008
11.28,-33.004
11.29,-34.639
11.3,-38.928
11.31,-42.936
11.32,-38.117
11.33,-52.645
11.34,-50.401
11.35,-48.216
11.36,-46.632
11.37,-30.16
11.38,-29.302
11.39,-17.775
11.4,-4.023
11.41,9.062
11.42,4.39
11.43,8.775
11.44,17.72
11.45,11.143
11.46,11.858
11.47,8.665
11.48,9.72
11.49,2.514
11.5,4.871
11.51,1.602
11.52,6.22
11.53,0.461
11.54,0.744
11.55,0.718
11.56,-9.558
11.57,0.392
11.58,-29.254
11.59,-15.778
11.6,-31.248
11.61,-46.788
11.62,-52.739
11.63,-62.127
11.64,-88.466
11.65,-77.61
11.66,-93.273
11.67,-89.233
11.68,-87.956
11.69,-91.344
11.7,-87.653
11.71,-81.825
11.72,-82.303
11.73,-75.422
11.74,-71.34
11.75,-71.874
11.76,-68.074
11.77,-56.607
11.78,-55.936
11.79,-44.064
11.8,-33.553
11.81,-30.872
11.82,-21.019
11.83,-21.199
11.84,-14.783
11.85,-20.059
11.86,-22.901
11.87,-25.523
11.88,-36.853
11.89,-36.486
11.9,-41.004
11.91,-52.963
11.92,-52.892
11.93,-49.26
11.94,-49.261
11.95,-32.911
11.96,-27.146
11.97,-15.83
11.98,22.153
11.99,1.812
12,50.98
12.01,30.958
12.02,50.55
12.03,48.847
12.04,55.914
12.05,46.874
12.06,58.396
12.07,45.464
12.08,38.126
12.09,25.743
12.1,21.328
12.11,-13.411
12.12,-5.148
12.13,-27.019
12.14,-37.273
12.15,-53.309
12.16,-43.784
12.17,-84.779
12.18,-54.623
12.19,-95.85
12.2,-83.855
12.21,-94.797
12.22,-95.633
12.23,-104.682
12.24,-109.094
12.25,-99.115
12.26,-110.044
12.27,-99.654
12.28,-98.766
12.29,-95.025
12.3,-84.11
12.31,-97.975
12.32,-71.288
12.33,-94.068
12.34,-82.732
12.35,-84.288
12.36,-87.125
12.37,-89.86
12.38,-83.514
12.39,-91.105
12.4,-88.599
12.41,-89.231
12.42,-88.352
12.43,-88.222
12.44,-88.783
12.45,-83.733
12.46,-70.118
12.47,-84.363
12.48,-65.634
12.49,-61.542
12.5,-61.859
12.51,-56.717
12.52,-63.576
12.53,-68.36
12.54,-62.774
12.55,-71.495
12.56,-75.456
12.57,-74.726
12.58,-84.28
12.59,-75.646
12.6,-87.935
12.61,-81.391
12.62,-87.584
12.63,-84.881
12.64,-82.089
12.65,-79.278
12.66,-78.719
12.67,-69.937
12.68,-62.962
12.69,-52.86
12.7,-46.508
12.71,-35.346
12.72,-17.064
12.73,-23.777
12.74,-3.188
12.75,-4.326
12.76,7.171
12.77,8.784
12.78,13.499
12.79,16.431
12.8,23.539
12.81,21.802
12.82,23.302
12.83,25.448
12.84,26.049
12.85,24.695
12.86,34.688
12.87,23.881
12.88,34.003
12.89,29.172
12.9,24.609
12.91,29.392
12.92,15.558
12.93,16.89
12.94,11.205
12.95,9.811
12.96,1.357
12.97,3.202
12.98,-4.159
12.99,0.62
13,-4.512
13.01,-0.117
13.02,-2.087
13.03,3.326
13.04,5.141
13.05,9.779
13.06,18.504
13.07,22.333
13.08,21.375
13.09,32.367
13.1,36.493
13.11,41.082
13.12,37.937
13.13,46.059
13.14,42.155
13.15,41.44
13.16,44.71
13.17,43.627
13.18,45.392
13.19,50.788
13.2,53.97
13.21,55.08
13.22,63.5
13.23,61.863
13.24,71.865
13.25,68.447
13.26,76.019
13.27,77.169
13.28,75.277
13.29,74.429
13.3,78.302
13.31,74.045
13.32,75.844
13.33,75.845
13.34,78.956
13.35,63.286
13.36,82.624
13.37,71.574
13.38,69.303
13.39,76.003
13.4,70.201
13.41,73.767
13.42,73.107
13.43,67.302
13.44,67.482
13.45,53.589
13.46,58.997
13.47,43.995
13.48,44.483
13.49,37.215
13.5,32.703
13.51,29.888
13.52,28.98
13.53,24.923
13.54,29.097
13.55,23.612
13.56,31.256
13.57,32.362
13.58,41.929
13.59,37.845
13.6,56.251
13.61,48.577
13.62,61.895
13.63,63.743
13.64,68.254
13.65,73.422
13.66,77.141
13.67,73.853
13.68,78.54
13.69,76.162
13.7,78.802
13.71,76.868
13.72,74.338
13.73,75.49
13.74,70.936
13.75,69.607
13.76,69.525
13.77,61.919
13.78,67.167
13.79,66.672
13.8,62.585
13.81,71.937
13.82,69.586
13.83,65.745
13.84,84.954
13.85,73.906
13.86,83.286
13.87,76.406
13.88,83.48
13.89,92.13
13.9,79.698
13.91,91.247
13.92,89.327
13.93,93.039
13.94,95.406
13.95,87.019
13.96,93.904
13.97,91.118
13.98,86.972
13.99,88.228
14,75.365
14.01,75.018
14.02,74.862
14.03,67.356
14.04,64.344
14.05,65.768
14.06,61.01
14.07,66.902
14.08,66.942
14.09,68.579
14.1,68.211
14.11,76.095
14.12,77.713
14.13,77.829
14.14,82.87
14.15,84.946
14.16,90.261
14.17,80.247
14.18,80.588
14.19,87.177
14.2,66.806
14.21,64.927
14.22,56.807
14.23,50.276
14.24,39.2
14.25,34.933
14.26,27.536
14.27,14.532
14.28,7.317
14.29,8.922
14.3,-14.942
14.31,0.237
14.32,-10.461
14.33,-11.513
14.34,-12.351
14.35,-7.608
14.36,-15.019
14.37,-5.025
14.38,-12.208
14.39,-10.819
14.4,-13.118
14.41,-14.741
14.42,-9.49
14.43,-21.65
14.44,-13.082
14.45,-10.472
14.46,-8.823
14.47,-9.227
14.48,-1.35
14.49,-6.704
14.5,8.415
14.51,-0.949
14.52,6.486
14.53,16.33
14.54,7.071
14.55,35.883
14.56,15.098
14.57,31.538
14.58,30.617
14.59,25.327
14.6,29.549
14.61,18.495
14.62,27.974
14.63,16.974
14.64,19.423
14.65,16.954
14.66,20.269
14.67,15.442
14.68,11.716
14.69,14.799
14.7,8.895
14.71,12.12
14.72,5.59
14.73,17.902
14.74,13.435
14.75,20.737
14.76,24.064
14.77,32.65
14.78,23.308
14.79,43.464
14.8,27.512
14.81,42.791
14.82,38.396
14.83,40.729
14.84,41.239
14.85,36.152
14.86,45.233
14.87,37.21
14.88,37.208
14.89,32.294
14.9,36.486
14.91,18.499
14.92,32.206
14.93,4.546
14.94,18.925
14.95,8.742
14.96,1.864
14.97,7.215
14.98,-8.52
14.99,4.312
15,-10.089
15.01,-2.207
15.02,-11.754
15.03,-1.949
15.04,-16.878
15.05,-9.232
15.06,-13.372
15.07,-12.129
15.08,-12.372
15.09,-11.553
15.1,-14.366
15.11,-8.231
15.12,-1.77
15.13,-4.211
15.14,4.31
15.15,8.026
15.16,21.482
15.17,20.427
15.18,26.613
15.19,34.037
15.2,31.086
15.21,33.794
15.22,30.582
15.23,31.317
15.24,32.127
15.25,31.182
15.26,23.926
15.27,30.105
15.28,23.993
15.29,15.735
15.3,31.737
15.31,15.494
15.32,21.535
15.33,18.772
15.34,25.133
15.35,24.64
15.36,20.997
15.37,29.975
15.38,22.677
15.39,26.538
15.4,22.989
15.41,22.333
15.42,27.611
15.43,24.923
15.44,27.152
15.45,28.61
15.46,29.323
15.47,21.329
15.48,19.351
15.49,12.773
15.5,4.714
15.51,0.386
15.52,-26.009
15.53,-21.052
15.54,-37.348
15.55,-52.755
15.56,-55.577
15.57,-65.826
15.58,-71.089
15.59,-83.649
15.6,-98.605
15.61,-97.902
15.62,-111.225
15.63,-128.397
15.64,-118.448
15.65,-146.429
15.66,-134.401
15.67,-141.245
15.68,-144.275
15.69,-142.962
15.7,-142.407
15.71,-135.031
15.72,-139.54
15.73,-126.631
15.74,-121.912
15.75,-107.624
15.76,-100.515
15.77,-88.377
15.78,-80.691
15.79,-72.376
15.8,-72.346
15.81,-74.279
15.82,-74.359
15.83,-77.401
15.84,-83.156
15.85,-90.454
15.86,-96.359
15.87,-104.634
15.88,-111.949
15.89,-111.792
15.9,-123.801
15.91,-124.046
15.92,-123.763
15.93,-123.997
15.94,-120.676
15.95,-110.952
15.96,-109.423
15.97,-91.013
15.98,-74.65
15.99,-65.677
16,-35.034
16.01,-32.221
16.02,-18.172
16.03,-8.556
16.04,4.041
16.05,10.295
16.06,21.335
16.07,16.784
16.08,27.921
16.09,28.675
16.1,30.442
16.11,30.951
16.12,30.86
16.13,29.871
16.14,29.293
16.15,28.699
16.16,27.735
16.17,25.521
16.18,29.699
16.19,24.724
16.2,24.938
16.21,34.431
16.22,26.576
16.23,31.265
16.24,32.444
16.25,26.48
16.26,30.236
16.27,22.17
16.28,23.872
16.29,17.277
16.3,15.25
16.31,-1.461
16.32,15.732
16.33,-9.226
16.34,-4
16.35,-6.54
16.36,-3.989
16.37,-4.165
16.38,-9.326
16.39,-8.896
16.4,-5.8
16.41,-13.474
16.42,-9.015
16.43,-27.477
16.44,-8.985
16.45,-26.638
16.46,-24.457
16.47,-24.755
16.48,-21.314
16.49,-29.837
16.5,-15.873
16.51,-29.779
16.52,-24.553
16.53,-22.623
16.54,-26.088
16.55,-21.71
16.56,-24.643
16.57,-25.965
16.58,-30.788
16.59,-28.427
16.6,-31.475
16.61,-34.846
16.62,-27.182
16.63,-36.39
16.64,-28.954
16.65,-29.701
16.66,-22.413
16.67,-28.367
16.68,-16.129
16.69,-25.787
16.7,-22.711
16.71,-23.282
16.72,-33.559
16.73,-26.164
16.74,-38.903
16.75,-36.044
16.76,-42.272
16.77,-37.973
16.78,-53.461
16.79,-47.743
16.8,-55.523
16.81,-57.373
16.82,-58.912
16.83,-64.712
16.84,-55.8
16.85,-57.744
16.86,-55.149
16.87,-39.89
16.88,-44.619
16.89,-13.885
16.9,-20.348
16.91,-11.359
16.92,4.315
16.93,2.317
16.94,23.431
16.95,15.025
16.96,30.569
16.97,27.245
16.98,35.244
16.99,43.638
17,40.002
17.01,54.855
17.02,42.944
17.03,59.925
17.04,54.107
17.05,64.916
17.06,57.581
17.07,71.529
17.08,68.257
17.09,72.073
17.1,71.637
17.11,75.175
17.12,65.711
17.13,69.287
17.14,66.07
17.15,60.626
17.16,58.125
17.17,48.116
17.18,59.864
17.19,47.09
17.2,52.655
17.21,56.199
17.22,53.335
17.23,55.997
17.24,53.846
17.25,51.939
17.26,40.051
17.27,39.958
17.28,29.99
17.29,25.885
17.3,10.965
17.31,8.815
17.32,2.691
17.33,-1.47
17.34,-12.964
17.35,-8.577
17.36,-13.081
17.37,-8.832
17.38,-19.083
17.39,-8.684
17.4,-27.81
17.41,-13.605
17.42,-29.114
17.43,-19.308
17.44,-33.498
17.45,-28.168
17.46,-35.234
17.47,-28.257
17.48,-33.861
17.49,-27.627
17.5,-22.54
17.51,-35.151
17.52,-23.354
17.53,-24.325
17.54,-26.77
17.55,-26.846
17.56,-20.614
17.57,-27.944
17.58,-24.991
17.59,-25.106
17.6,-24.799
17.61,-22.968
17.62,-28.594
17.63,-25.594
17.64,-24.603
17.65,-27.734
17.66,-29.737
17.67,-26.476
17.68,-23.924
17.69,-27.673
17.7,-24.106
17.71,-27.444
17.72,-23.019
17.73,-27.843
17.74,-24.458
17.75,-27.816
17.76,-30.755
17.77,-28.175
17.78,-36.352
17.79,-33.503
17.8,-38.339
17.81,-37.867
17.82,-37.051
17.83,-38.942
17.84,-37.8
17.85,-34.078
17.86,-32.651
17.87,-21.62
17.88,-22.012
17.89,-1.604
17.9,-7.54
17.91,6.355
17.92,16.623
17.93,20.006
17.94,34.12
17.95,27.042
17.96,41.763
17.97,37.18
17.98,46.593
17.99,35.339
18,48.967
18.01,41.937
18.02,45.501
18.03,45.924
18.04,45.019
18.05,43.719
18.06,46.586
18.07,40.688
18.08,43.728
18.09,42.279
18.1,36.325
18.11,47.31
18.12,39.177
18.13,41.317
18.14,42.21
18.15,37.062
18.16,35.728
18.17,35.332
18.18,29.398
18.19,28.709
18.2,20.378
18.21,24.437
18.22,8.16
18.23,10.28
18.24,8.698
18.25,3.792
18.26,-2.566
18.27,0.598
18.28,-5.737
18.29,-5.782
18.3,-9.877
18.31,-14.308
18.32,-15.937
18.33,-18.707
18.34,-27.39
18.35,-27.716
18.36,-30.381
18.37,-33.169
18.38,-30.47
18.39,-29.713
18.4,-29.289
18.41,-18.102
18.42,-20.774
18.43,-12.288
18.44,-12.387
18.45,-3.146
18.46,-7.466
18.47,3.212
18.48,-7.346
18.49,10.478
18.5,1.28
18.51,2.049
18.52,3.669
18.53,2.355
18.54,1.458
18.55,3.295
18.56,3.095
18.57,8.589
18.58,4.171
18.59,14.36
18.6,7.008
18.61,13.017
18.62,16.111
18.63,13.113
18.64,19.981
18.65,25.193
18.66,23.46
18.67,32.22
18.68,36.437
18.69,35.394
18.7,42.509
18.71,36.304
18.72,32.776
18.73,30.482
18.74,25.099
18.75,23.031
18.76,21.298
18.77,23.831
18.78,21.058
18.79,27.94
18.8,25.802
18.81,36.535
18.82,34.317
18.83,45.965
18.84,43.801
18.85,60.858
18.86,57.063
18.87,46.348
18.88,53.699
18.89,43.796
18.9,41.775
18.91,9.373
18.92,39.553
18.93,0.216
18.94,3.429
18.95,-6.33
18.96,-17.15
18.97,-14.018
18.98,-38.098
18.99,-32.025
19,-44.504
19.01,-40.409
19.02,-58.717
19.03,-49.171
19.04,-59.091
19.05,-55.883
19.06,-54.634
19.07,-60.425
19.08,-47.747
19.09,-58.78
19.1,-55.67
19.11,-55.062
19.12,-51.743
19.13,-49.473
19.14,-52.614
19.15,-46.917
19.16,-42.894
19.17,-40.668
19.18,-38.34
19.19,-34.225
19.2,-32.143
19.21,-33.523
19.22,-27.483
19.23,-28.222
19.24,-21.801
19.25,-23.73
19.26,-19.084
19.27,-18.627
19.28,-12.055
19.29,-11.64
19.3,-5.049
19.31,-5.543
19.32,1.552
19.33,0.38
19.34,1.268
19.35,1.068
19.36,1.687
19.37,-6.974
19.38,-4.134
19.39,-5.359
19.4,-10.789
19.41,-7.273
19.42,-17.781
19.43,-11.901
19.44,-17.591
19.45,-18.069
19.46,-28.862
19.47,-16.887
19.48,-35.884
19.49,-22.887
19.5,-29.337
19.51,-30.588
19.52,-23.162
19.53,-29.513
19.54,-4.451
19.55,-12.375
19.56,1.033
19.57,14.917
19.58,3.17
19.59,24.26
19.6,26.611
19.61,25.978
19.62,30.29
19.63,18.715
19.64,27.936
19.65,18.78
19.66,12.366
19.67,7.27
19.68,6.408
19.69,-0.641
19.7,-1.867
19.71,-4.23
19.72,-6.139
19.73,-7.165
19.74,-14.048
19.75,-14.615
19.76,-7.65
19.77,-18.489
19.78,-11.036
19.79,-11.044
19.8,-5.514
19.81,-8.619
19.82,-8.597
19.83,0.982
19.84,-6.555
19.85,0.378
19.86,-6.283
19.87,-9.693
19.88,-4.828
19.89,-6.871
19.9,-14.262
19.91,-10.937
19.92,-17.962
19.93,-20.669
19.94,-23.437
19.95,-27.125
19.96,-28.68
19.97,-29.275
19.98,-29.026
19.99,-22.976
20,-22.83
20.01,-26.768
20.02,-13.656
20.03,-20.336
20.04,-14.399
20.05,-12.494
20.06,-7.865
20.07,-4.295
20.08,-3.001
20.09,2.559
20.1,-0.581
20.11,2.246
20.12,0.364
20.13,1.962
20.14,-2.822
20.15,3.008
20.16,2.862
20.17,2.229
20.18,13.199
20.19,8.363
20.2,15.93
20.21,19.778
20.22,16.851
20.23,24.181
20.24,25.69
20.25,26.327
20.26,27.405
20.27,40.034
20.28,25.533
20.29,51.151
20.3,36.639
20.31,45.517
20.32,47.548
20.33,49.348
20.34,45.854
20.35,52.734
20.36,53.436
20.37,50.794
20.38,53.257
20.39,53.72
20.4,52.501
20.41,48.111
20.42,50.578
20.43,41.281
20.44,44.173
20.45,39.742
20.46,38.897
20.47,39.007
20.48,30.444
20.49,34.005
20.5,32.098
20.51,26.896
20.52,28.61
20.53,28.044
20.54,27.234
20.55,26.868
20.56,24.727
20.57,24.102
20.58,19.546
20.59,23.849
20.6,15.263
20.61,16.071
20.62,10.779
20.63,19.173
20.64,0.107
20.65,8.393
20.66,9.752
20.67,4.677
20.68,8.786
20.69,9.783
20.7,16.984
20.71,8.22
20.72,26.648
20.73,18.849
20.74,27.845
20.75,31.64
20.76,29.005
20.77,36.059
20.78,27.613
20.79,26.68
20.8,20.189
20.81,14.838
20.82,-0.733
20.83,1.931
20.84,-14.724
20.85,-15.324
20.86,-20.148
20.87,-27.729
20.88,-21.975
20.89,-37.037
20.9,-30.16
20.91,-35.578
20.92,-31.272
20.93,-34.033
20.94,-22.422
20.95,-20.322
20.96,-13.944
20.97,-11.634
20.98,0.124
20.99,4.518
21,-1.896
21.01,16.544
21.02,7.146
21.03,13.158
21.04,17.359
21.05,16.677
21.06,22.419
21.07,17.91
21.08,26.142
21.09,13.357
21.1,20.054
21.11,11.996
21.12,14.638
21.13,6.964
21.14,11.11
21.15,9.619
21.16,15.693
21.17,20.622
21.18,17.114
21.19,33.602
21.2,26.666
21.21,32.425
21.22,41.2
21.23,41.754
21.24,45.153
21.25,53.141
21.26,51.046
21.27,56.558
21.28,52.33
21.29,52.889
21.3,46.531
21.31,45.82
21.32,32.741
21.33,38.132
21.34,25.544
21.35,24.934
21.36,21.568
21.37,19.744
21.38,20.484
21.39,13.963
21.4,21.693
21.41,15.126
21.42,22.367
21.43,16.971
21.44,25.994
21.45,19.239
21.46,25.95
21.47,24.171
21.48,23.356
21.49,20.962
21.5,23.127
21.51,15.453
21.52,23.006
21.53,19.1
21.54,15.919
21.55,21.453
21.56,12.933
21.57,21.896
21.58,17.822
21.59,17.506
21.6,20.586
21.61,20.49
21.62,23.333
21.63,27.449
21.64,26.934
21.65,28.756
21.66,33.154
21.67,30.038
21.68,35.606
21.69,32.605
21.7,38.003
21.71,34.988
21.72,35.062
21.73,36.716
21.74,33.006
21.75,27.924
21.76,29.575
21.77,25.42
21.78,22.923
21.79,20.426
21.8,21.397
21.81,13.144
21.82,18.116
21.83,18.149
21.84,17.584
21.85,15.97
21.86,25.347
21.87,16.439
21.88,24.878
21.89,23.723
21.9,25.054
21.91,21.175
21.92,26.15
21.93,20.885
21.94,16.994
21.95,22.251
21.96,12.399
21.97,12.823
21.98,5.397
21.99,9.506
22,5.067
22.01,-0.787
22.02,2.203
22.03,-2.333
22.04,-6.312
22.05,-6.241
22.06,-16.244
22.07,-11.986
22.08,-16.229
22.09,-18.818
22.1,-23.302
22.11,-15.289
22.12,-26.702
22.13,-20.622
22.14,-20.215
22.15,-21.831
22.16,-17.935
22.17,-22.202
22.18,-10.147
22.19,-16.769
22.2,-10.913
22.21,-10.937
22.22,-10.345
22.23,-15.397
22.24,-14.774
22.25,-20.353
22.26,-25.499
22.27,-21.923
22.28,-31.888
22.29,-33.898
22.3,-35.4
22.31,-41.588
22.32,-35.865
22.33,-44.211
22.34,-38.401
22.35,-40.979
22.36,-39.472
22.37,-35.499
22.38,-38.432
22.39,-29.178
22.4,-36.186
22.41,-29.304
22.42,-31.386
22.43,-30.076
22.44,-30.837
22.45,-26.173
22.46,-32.158
22.47,-22.937
22.48,-25.787
22.49,-27.939
22.5,-23.482
22.51,-24.678
22.52,-25.526
22.53,-24.703
22.54,-24.703
22.55,-24.702
22.56,-24.702
22.57,-26.575
22.58,-27.437
22.59,-26.213
22.6,-31.504
22.61,-23.005
22.62,-27.628
22.63,-24.784
22.64,-15.269
22.65,-19.033
22.66,-4.368
22.67,-7.92
22.68,-3.732
22.69,3.771
22.7,-10.89
22.71,2.366
22.72,-8.491
22.73,-6.185
22.74,-17.334
22.75,-6.446
22.76,-18.692
22.77,-21.319
22.78,-17.82
22.79,-16.759
22.8,-17.995
22.81,-21.004
22.82,-17.418
22.83,-13.908
22.84,-18.825
22.85,-6.109
22.86,-20.346
22.87,-6.209
22.88,-10.12
22.89,-3.429
22.9,-5.764
22.91,-4.382
22.92,-0.643
22.93,-3.067
22.94,1.623
22.95,-5.822
22.96,-6.673
22.97,-5.732
22.98,-8.058
22.99,-17.32
23,-6.807
23.01,-19.257
23.02,-16.165
23.03,-17.635
23.04,-12.349
23.05,-24.285
23.06,-14.006
23.07,-17.446
23.08,-18.46
23.09,-24.681
23.1,-15.133
23.11,-32.293
23.12,-24.445
23.13,-32.139
23.14,-29.313
23.15,-34.481
23.16,-30.162
23.17,-33.412
23.18,-32.206
23.19,-32.205
23.2,-32.205
23.21,-30.82
23.22,-27.479
23.23,-29.362
23.24,-24.671
23.25,-23.679
23.26,-22.049
23.27,-24.405
23.28,-22.732
23.29,-23.33
23.3,-22.181
23.31,-24.727
23.32,-19.496
23.33,-20.81
23.34,-22.295
23.35,-21.898
23.36,-24.767
23.37,-15.047
23.38,-22.495
23.39,-17.856
23.4,-16.576
23.41,-8.295
23.42,-18.056
23.43,-1.386
23.44,-9.21
23.45,-5.11
23.46,-7.755
23.47,-6.688
23.48,-5.818
23.49,-8.569
23.5,-8.838
23.51,-8.598
23.52,-12.29
23.53,-11.856
23.54,-10.61
23.55,-9.987
23.56,-12.16
23.57,-8.714
23.58,-4.606
23.59,-13.333
23.6,-2.178
23.61,-8.289
23.62,-2.352
23.63,-7.192
23.64,-1.123
23.65,-4.789
23.66,1.482
23.67,-4.519
23.68,-1.443
23.69,-2.058
23.7,-2.058
23.71,1.045
23.72,-3.834
23.73,-2.627
23.74,0.949
23.75,-4.459
23.76,-3.221
23.77,-5.473
23.78,-1.914
23.79,-8.915
23.8,-5.478
23.81,-8.04
23.82,-6.051
23.83,-9.779
23.84,-6.422
23.85,-11.215
23.86,-1.664
23.87,-8.709
23.88,-3.188
23.89,-0.26
23.9,-4.656
23.91,-2.153
23.92,-1.999
23.93,-7.196
23.94,-3.343
23.95,-9.269
23.96,-8.362
23.97,-12.251
23.98,-9.62
23.99,-11.728
24,-9.339
24.01,-11.331
24.02,-5.996
24.03,-9.372
24.04,-6.177
24.05,-4.265
24.06,-2.329
24.07,-0.657
24.08,-3.118
24.09,6.663
24.1,-5.342
24.11,8.336
24.12,-2.513
24.13,1.483
24.14,2.121
24.15,-1.006
24.16,1.927
24.17,-5.039
24.18,-0.588
24.19,-0.725
24.2,-1.564
24.21,-3.092
24.22,-0.591
24.23,-4.307
24.24,-1.383
24.25,-2.616
24.26,-4.58
24.27,-4.303
24.28,-9.122
24.29,-11.324
24.3,-6.684
24.31,-18.634
24.32,-4.127
24.33,-15.161
24.34,-8.528
24.35,-6.041
24.36,-3.32
24.37,-1.839
24.38,7.7
24.39,-1.545
24.4,13.288
24.41,14.856
24.42,14.564
24.43,17.95
24.44,23.221
24.45,13.981
24.46,29.464
24.47,19.66
24.48,18.817
24.49,19.247
24.5,17.91
24.51,13.376
24.52,13.623
24.53,10.471
24.54,9.739
24.55,8.252
24.56,6.854
24.57,10.558
24.58,-0.796
24.59,15.782
24.6,-3.473
24.61,6.23
24.62,5.494
24.63,-0.566
24.64,7.419
24.65,-0.125
24.66,0.124
24.67,-0.401
24.68,-1.692
24.69,-2.981
24.7,-5.582
24.71,-6.842
24.72,-5.156
24.73,-9.433
24.74,-3.336
24.75,-9.571
24.76,-7.383
24.77,-4.669
24.78,-5.069
24.79,-9.062
24.8,3.777
24.81,-8.561
24.82,1.285
24.83,-6.469
24.84,5.962
24.85,-2.493
24.86,-0.621
24.87,-2.577
24.88,1.302
24.89,-6.385
24.9,1.671
24.91,-2.957
24.92,0.718
24.93,-3.16
24.94,0.942
24.95,-1.257
24.96,-0.927
24.97,-3.648
24.98,-3.247
24.99,-6.42
25,-8.858
25.01,-7.059
25.02,-10.068
25.03,-7.884
25.04,-21.501
25.05,-2.389
25.06,-11.675
25.07,-12.716
25.08,-0.579
25.09,-13.014
25.1,-4.975
25.11,-3.233
25.12,-6.336
25.13,-4.573
25.14,-5.091
25.15,-1.533
25.16,-2.419
25.17,2.577
25.18,3.21
25.19,7.111
25.2,13.677
25.21,14.365
25.22,21.878
25.23,30.28
25.24,20.579
25.25,40.95
25.26,38.742
25.27,43.628
25.28,41.53
25.29,42.031
25.3,44.299
25.31,39.912
25.32,34.222
25.33,32.761
25.34,30.249
25.35,23.317
25.36,23.422
25.37,14.489
25.38,20.639
25.39,15.887
25.4,16.159
25.41,16.101
25.42,16.308
25.43,16.308
25.44,18.813
25.45,20.994
25.46,20.869
25.47,28.499
25.48,22.693
25.49,30.639
25.5,29.701
25.51,32.007
25.52,22.472
25.53,30.344
25.54,25.245
25.55,22.443
25.56,20.58
25.57,20.524
25.58,12.421
25.59,13.657
25.6,11.892
25.61,7.937
25.62,8.476
25.63,5.243
25.64,12.346
25.65,4.43
25.66,11.683
25.67,11.336
25.68,8.49
25.69,17.212
25.7,6.889
25.71,16.984
25.72,13.203
25.73,13.575
25.74,15.21
25.75,17.028
25.76,15.247
25.77,15.106
25.78,18.956
25.79,16.795
25.8,18.363
25.81,13.181
25.82,22.001
25.83,6.07
25.84,16.605
25.85,9.179
25.86,7.93
25.87,4.369
25.88,2.648
25.89,1.259
25.9,-0.763
25.91,-4.328
25.92,-6.865
25.93,-5.312
25.94,-6.495
25.95,-15.224
25.96,-9.382
25.97,-14.947
25.98,-10.639
25.99,-26.441
26,-13.504
26.01,-23.426
26.02,-25.362
26.03,-24.208
26.04,-25.691
26.05,-30.833
26.06,-26.446
26.07,-30.997
26.08,-28.643
26.09,-28.701
26.1,-25.645
26.11,-25.41
26.12,-21.625
26.13,-20.703
26.14,-23.255
26.15,-17.124
26.16,-14.766
26.17,-15.02
26.18,-14.354
26.19,-13.51
26.2,-10.095
26.21,-12.499
26.22,-9.917
26.23,-11.132
26.24,-9.728
26.25,-11.05
26.26,-10.552
26.27,-10.552
26.28,-10.551
26.29,-10.551
26.3,-10.551
26.31,-10.55
26.32,-10.55
26.33,-10.549
26.34,-8.567
26.35,-10.529
26.36,-4.862
26.37,-11.964
26.38,-5.707
26.39,-7.598
26.4,-10.045
26.41,-5.929
26.42,-8.235
26.43,-5.716
26.44,-7.789
26.45,-8.45
26.46,-7.234
26.47,-9.498
26.48,-8.434
26.49,-12.86
26.5,-12.494
26.51,-13.743
26.52,-14.987
26.53,-16.235
26.54,-14.841
26.55,-19.731
26.56,-13.36
26.57,-18.122
26.58,-12.049
26.59,-16.699
26.6,-11.503
26.61,-12.496
26.62,-14.666
26.63,-4.276
26.64,-8.996
26.65,-5.682
26.66,-4.984
26.67,-1.254
26.68,-7.15
26.69,10.594
26.7,-9.814
26.71,3.091
26.72,0.227
26.73,0.227
26.74,-3.224
26.75,2.006
26.76,-5.607
26.77,0.225
26.78,1.952
26.79,-5.01
26.8,11.001
26.81,-7.171
26.82,13.271
26.83,5.336
26.84,6.54
26.85,15.592
26.86,9.548
26.87,16.117
26.88,18.26
26.89,19.574
26.9,18.534
26.91,18.542
26.92,23.108
26.93,20.739
26.94,20.937
26.95,25.682
26.96,21.227
26.97,22.886
26.98,22.832
26.99,19.27
27,21.686
27.01,21.937
27.02,14.753
27.03,16.589
27.04,15.497
27.05,10.388
27.06,20.941
27.07,6.407
27.08,13.568
27.09,16.722
27.1,12.147
27.11,17.206
27.12,13.397
27.13,18.062
27.14,16.302
27.15,20.808